721361860 1559093695
1
sift 341
84 205
18 45
4 11
440 3185
14 18
261 1781
71 357
33 55
918 4309
35 41
663 4076
380 4422
52 62
64 186
73 59
218 1378
1230 5810
172 261
137 484
1192 4303
855 4504
6989 9392
34 30
194 781
245 861
116 300
4844 8762
422 1402
180 700
1026 1987
361 2018
3298 7449
1219 4991
186 1091
400 762
210 1062
1374 5844
131 286
438 3614
407 1658
321 1722
2020 5725
672 1627
259 1648
243 1668
2928 6316
6070 8888
501 1010
233 1554
2567 6278
236 1055
2500 6132
169 701
297 1367
379 647
305 1929
1950 6738
5529 8652
685 2873
6759 8138
209 1424
3209 7084
158 359
241 1230
332 1833
212 962
2883 7239
62 100
296 1988
341 1885
564 3120
5212 7895
351 850
439 2395
51 95
443 2142
4958 7811
111 161
336 1927
4637 7876
409 2456
3083 6372
746 3887
254 1251
702 2272
2588 5673
5043 7136
90 132
3082 6765
4697 6747
3730 7353
690 1610
427 2467
6018 8379
3192 6237
5567 8491
2800 5686
5245 7639
103 220
534 2214
152 221
366 2531
1304 4464
2324 6091
1359 5953
7379 9448
122 275
4537 7415
536 2535
6063 8651
1419 3045
1524 4358
2286 6296
580 2207
1588 4430
5901 8117
1072 2690
3713 5985
145 314
3767 5623
2539 5576
7625 8177
650 3180
3148 5041
9268 9940
3624 6804
4514 7048
5614 7948
1691 5067
1895 5264
3974 6498
2785 5994
941 5263
5828 10675
1254 3771
4354 6648
8207 10232
1758 5202
5088 7938
581 2739
5685 8507
5872 8694
4280 7868
1144 3669
1284 4210
1128 3486
1517 4568
3859 6647
460 1460
3283 6593
2810 5519
5703 8949
1594 4824
940 4260
1495 4244
2366 6059
328 1144
3101 5366
1776 6080
1142 4067
5192 7377
1525 4918
1809 4523
1972 5890
4639 8056
176 564
5470 9093
763 2949
343 1192
3158 6825
4505 6890
2768 6193
4225 6220
4056 7733
1058 3796
934 4170
3728 6286
997 3190
769 2890
1437 4033
3054 5729
2840 6956
780 2487
7473 7628
1118 3907
303 895
3732 6928
8613 9460
2093 6410
886 2183
1182 4776
9855 15317
998 1499
5640 7134
3392 7299
1969 6109
1268 4183
6274 7766
3313 6079
4747 6268
2097 5057
15312 13692
323 1203
1196 2492
1974 5485
932 3710
2929 6806
5135 7287
2164 5628
3904 6019
1677 4249
1955 5933
1970 4768
736 4224
1688 4868
5031 8070
1296 4096
2636 5940
712 1409
4135 6837
2007 5267
1432 4339
1548 4961
8174 11418
446 605
3964 7450
4838 6944
1258 4648
849 2494
2703 6390
3484 6188
8101 8772
4324 7158
6069 8840
3568 6419
1431 3100
1208 4357
3272 6485
3413 6702
1842 5324
2564 6096
234 797
2071 5858
1464 4767
2490 4864
7601 9131
1290 4934
7165 9348
2512 5393
2380 5454
1080 2900
2068 5719
961 3253
550 2406
4322 6895
3819 6608
1560 4565
2000 5285
4118 6433
600 1796
1247 3965
787 2638
1795 4686
1920 5238
1498 4859
2159 5585
2445 5314
5649 8293
1445 5367
3278 6532
1173 4087
4709 7593
7938 10603
2166 5880
2786 5900
1928 5446
15712 16029
1422 4059
2839 5914
1685 5048
2503 5300
1465 4716
294 1127
1896 5580
1708 4797
3071 6479
1815 4997
2242 5299
2301 5332
2641 6058
3041 5904
1779 5209
1828 5812
8329 8824
2526 6005
2867 5974
3074 6392
2082 5727
1860 4941
5727 7339
1257 4241
3558 5866
2780 5767
2292 6301
1856 4063
2872 6662
2836 6370
1943 5819
1265 3873
5046 7599
3184 6846
7499 10314
7603 8737
3538 6345
2296 6072
1700 5320
5822 8114
1645 5426
1818 4505
2429 5563
9675 10085
10764 10221
3958 7488
3147 6140
3835 6674
6737 8460
5844 8443
2131 4530
11190 9039
2808 6245
2244 6136
4839 6533
11082 11246
11270 12171
8029 8559
3810 6802
4624 6377
1644 4163
1105 3666
1916 5618
15233 12000
1130459444 1419766208
1
sift 629
10194 10080
7 4
8 5
231 368
250 322
10 8
8149 8686
122 175
20 15
4304 4757
358 328
49 61
7654 8737
81 164
53 74
183 266
309 383
42 48
7247 8220
277 294
1154 1591
7277 7854
269 351
41 42
1323 1647
454 522
120 161
408 434
196 243
136 209
7857 8131
343 375
88 113
227 352
561 429
243 263
9235 9866
7790 7902
292 262
549 731
1559 2660
98 179
9759 10208
197 408
3165 3718
693 1358
955 1715
2040 2657
2276 2598
926 1383
351 425
433 452
1221 1464
296 353
8372 7974
3762 3552
306 326
10261 9737
2534 2978
7465 7865
2620 3880
946 1419
9524 9035
987 1411
558 543
1083 1209
4969 5573
2145 2456
846 1335
1593 1878
1844 2332
4446 4687
5316 5475
3524 2862
168 240
1833 2031
622 874
4329 6066
701 1354
1023 1177
2800 3458
5025 5294
4281 6538
3257 4118
4982 6502
8882 8115
171 502
9720 10015
2842 3570
2923 3294
1540 1626
477 457
5831 7730
4040 4624
6617 6719
4986 4877
1990 2821
11444 10678
3120 4374
695 759
1174 1458
4106 4866
6408 7579
383 496
8183 7484
6092 7828
5699 6590
959 1175
5243 5363
4408 4003
1248 1420
1183 1512
1259 1795
265 296
8769 10724
9658 9893
5216 6504
3938 3998
599 1233
11246 10978
475 547
821 781
939 944
1673 2073
293 437
2740 2987
1957 2533
981 1115
4673 5657
6483 5969
487 637
1046 953
854 803
460 695
971 1142
3913 4252
5319 6057
7450 7314
2822 3427
658 758
9175 9000
1357 1453
1530 2208
6431 6514
7499 7523
3248 3296
3273 4450
666 1063
4218 4882
1289 1657
281 367
4136 4603
754 985
7416 7713
8353 7877
8700 8658
345 399
774 991
11207 9931
9839 10216
2008 2515
9469 8138
2019 2484
11483 12670
1184 1449
895 779
5333 6440
5433 5600
7704 7992
4513 6228
1550 1725
3774 4549
4812 5195
2230 2313
2846 3614
7531 8140
8126 8756
1615 1721
777 961
332 418
7323 8032
8968 8432
5421 5860
2872 5620
5079 5341
7341 6279
10219 8423
10636 10264
2214 2424
4127 5054
7039 8725
6459 5819
2728 3016
855 903
10630 10259
979 1324
1926 2789
5099 5533
2017 2210
10040 9841
1945 2531
9840 9231
2066 2653
735 1363
1371 1936
3406 4322
2296 2312
1823 2368
2021 2261
873 1044
8418 8233
1950 1881
1192 1225
1052 1330
1665 1755
9748 9534
2250 2948
1065 880
3058 3084
1998 1999
9955 9437
1276 1800
4154 4984
629 761
5204 5719
9360 8926
5312 6196
10738 12926
6953 7144
1291 1664
567 586
2930 3813
3556 3601
6173 6572
6542 6099
2854 2581
10761 9976
1005 1598
6530 6571
3736 5080
2159 2384
4460 4403
1675 2319
6434 6674
8167 7543
1548 2335
7363 7357
4873 5506
520 739
9541 9575
7222 7007
2586 3359
2700 2681
737 861
7231 6989
6961 6897
2886 2929
5444 4824
7286 7532
1653 2256
1314 1854
5253 5251
5727 5403
2888 4489
3668 4053
5542 5378
6883 6282
6412 7587
5214 5074
2389 2487
6732 6387
4072 4009
4901 5493
6683 6799
9105 7716
6161 5246
8783 7604
5872 5802
1462 1927
1959 2165
3870 3873
1995 2010
2970 2964
1739 2901
4258 4889
3034 4130
5095 4212
3990 4089
2912 4335
10057 9302
6722 5767
3439 4653
5107 5329
5898 4277
2111 2962
1521 1565
3729 3934
1001 1069
6197 6932
4243 5406
5614 6747
7799 7447
3137 2600
10499 10590
4039 5455
7832 8090
8645 7970
6432 6177
2959 3411
2639 3126
2843 3756
2339 2472
10298 9466
6269 5526
6144 5660
7190 6384
2551 3105
7725 6814
7949 7513
9600 7692
3024 2995
7968 7861
8577 7630
10740 11905
4846 5185
5479 6301
6207 7465
3191 4478
5070 4545
3130 4017
1863 2253
7723 6825
8459 8850
7528 6969
865 1613
3997 4632
10273 9366
5117 4855
1643 1899
12266 11061
3060 3585
7505 6545
3655 3574
3627 3809
3773 3933
5587 6031
8806 7340
8950 8274
1459 2220
3219 5097
12633 10984
4716 4590
5745 5921
4325 4621
3996 5146
839 1091
6837 7354
3834 4353
1561 1217
9048 9715
2438 3417
3154 3613
1802 2070
6912 6492
4124 4248
6366 4482
3718 4535
9407 8199
8110 9132
4705 4976
9290 9567
6101 6526
3014 3696
11922 9245
5255 4528
3111 3369
4247 3869
6283 6501
2429 3335
1084 1071
4836 5463
3558 4630
6260 5962
2607 4090
10246 8852
3291 3764
8302 8519
4643 4049
10022 10275
6920 7742
4625 5091
6215 7117
9100 8243
3670 3833
7352 8407
3797 4585
11791 9906
3604 3537
9712 8508
3359 3523
4368 4612
2752 3006
3807 5057
10989 10158
3690 2539
4289 4408
3017 3186
5401 4696
1886 1850
5869 4998
5946 6756
3444 3491
3782 3381
2013 2373
2367 2796
3904 4750
6368 5193
5595 6083
2693 2984
8162 7207
3999 4433
2050 2498
5459 6173
4524 4122
2304 3672
11969 10302
3536 4742
6866 5481
5580 5697
1525 2199
7060 6744
3853 4336
3868 5013
5344 5776
5753 5170
11910 12621
5176 6937
3294 4295
16398 14656
5756 5740
5370 6820
8840 8587
1560 2150
4808 4959
2449 2832
2383 3620
3549 3692
12869 12635
12508 10609
6819 5881
5570 6032
1784 2234
10247 12146
2909 3243
9384 9357
3100 3655
2514 3141
5588 6142
10703 9839
5383 6049
13646 13800
2052 2850
5941 5928
4766 5931
3751 4234
7838 7229
10222 9259
1555 1853
4288 4536
12563 11833
7800 6783
7379 6251
1140 1329
11625 10672
16500 14281
3525 4274
9054 8604
9668 9417
3472 3824
3942 3793
6058 5609
9689 9331
11477 13496
6770 5646
5352 4970
12323 12567
4552 5203
6927 6184
1196 1570
2793 2921
7897 8271
8620 9561
4532 4389
2478 3360
10329 8753
2488 3035
12994 11577
4804 5419
6176 5007
11473 9662
10047 9941
5314 5330
3676 3536
2359 3439
4770 5705
5931 7217
4773 5824
7787 6943
8776 8346
7951 7051
6097 5878
4724 5106
2354 2499
7477 7318
5655 6648
1480 1375
6797 6397
10234 9261
4061 3913
4493 5064
4393 4338
4563 5236
6925 7590
3735 3371
3804 4179
3471 2596
3074 3194
3395 4534
7194 6528
2954 3607
13566 11010
7061 7242
10240 9749
5527 5300
2358 2349
1885 2654
7892 8137
5228 5476
4606 4002
6356 6758
9945 9953
9906 8934
5017 4955
5331 6154
9045 9194
4115 4040
4565 5755
5861 7028
5237 5631
1122 1334
7530 6888
3839 3667
5899 5936
3588 4941
4066 5114
4153 4251
4260 5169
7177 7370
7389 8326
2278 2418
6371 5561
6590 6607
7285 8125
3924 4367
7314 7782
6665 7774
5984 5458
3426 3588
6604 5518
6016 4903
6727 7243
9278 9060
4231 5611
14734 12048
3413 3878
5472 6720
4223 4581
4920 4390
3922 4548
9125 7886
10107 10644
5233 6024
5630 4914
5032 4735
4966 5234
5874 5996
6804 5686
8575 8517
6986 7210
3967 3775
14720 12730
6394 5342
4035 4694
8824 8117
6263 6398
7986 7948
6715 7136
4010 4029
6468 5948
5867 5570
7255 6857
7983 6957
6285 7100
6576 5337
6699 6331
3606 4343
3648 4063
9843 10557
7052 7298
4932 5206
9284 8944
9184 8629
6860 8097
6761 6407
5563 6171
5081 4595
9065 8903
5603 5438
5106 4608
4660 5801
8812 7580
4464 4592
13763 12584
7050 5435
4346 3592
10678 9904
6292 5522
4129 4056
6524 5963
1505028417 1559093695
1
sift 64
53 18
1712 367
4429 4884
75 45
50 15
4301 4782
107 25
297 75
186 59
353 76
146 31
277 73
2080 666
3048 1070
3744 3236
939 286
2921 851
2914 1668
3307 1496
663 86
248 207
874 150
5093 6925
1091 147
11464 7758
8085 8137
15846 8989
316 275
2093 350
5709 6296
5988 4644
4105 2082
2313 2101
7144 4430
5211 5614
5153 4014
1382 314
10493 7628
15090 9399
3211 3068
13394 7438
10594 8371
14128 9377
10675 10083
5708 1824
2288 1771
6466 5519
1147 606
5856 5263
9568 9035
5822 5706
7033 6653
2796 2027
4355 3328
4327 3587
4715 4248
11098 10384
4348 4094
5090 5051
6836 7558
8739 9919
14315 13063
6136 7160
1033 654
